'DatabaseImage0001.JPG'	0	0	0.000700602573920695	0.140925170130367	0.858374121825923	4.51664022500000	0.534733934000000
'DatabaseImage0002.JPG'	0.318756698425098	0.450577995138005	0.201076243211940	0.0283290279349116	0.00126003529004496	1.30018912000000	0.931311018000000
'DatabaseImage0003.JPG'	0.0698684015334891	0.278826479527712	0.402162403668416	0.209644351322043	0.0394983639483396	2.35989271300000	0.991260999000000
'DatabaseImage0004.JPG'	0.000696578016285206	0.0149562905175739	0.123192893022885	0.389273687639347	0.471880550803909	4.20086172000000	1.02163857200000
'DatabaseImage0005.JPG'	0.0252371943723811	0.159117338509455	0.375279088828344	0.331094259697798	0.109272118592021	2.87260498200000	1.00845864700000
'DatabaseImage0006.JPG'	0.000387134416697596	0.0164990732051039	0.177160922529584	0.479277380841762	0.326675489006852	3.72194198200000	0.851709276000000
'DatabaseImage0007.JPG'	0.0270407359967164	0.139070730628188	0.324621122041020	0.343907480790796	0.165359930543280	3.07305913100000	1.12511487500000
'DatabaseImage0008.JPG'	0.0311537383474906	0.108770927148482	0.239239079639135	0.331488178919540	0.289348075945353	3.70576811100000	1.47108058300000
'DatabaseImage0009.JPG'	0.000372382451203680	0.0271425607652349	0.304777625274184	0.527212856811105	0.140494574698272	3.29298819700000	0.731182996000000
'DatabaseImage0010.JPG'	0	6.66345246910227e-05	0.0168695565981924	0.356131768566679	0.626932018362303	4.22764885100000	0.634456863000000
'DatabaseImage0011.JPG'	0	8.10170177610500e-05	0.0174139962666671	0.346155736907796	0.636349214949577	4.25574177400000	0.648100825000000
'DatabaseImage0012.JPG'	0.00227661227081334	0.0427443508431921	0.249285119846025	0.451587551689186	0.254106365350784	3.50819185400000	0.924821188000000
'DatabaseImage0013.JPG'	0	0.000605630364363003	0.0325152740863185	0.330555072535166	0.636321886998200	4.39355726800000	0.775186331000000
'DatabaseImage0014.JPG'	0.244938397692226	0.477786262906975	0.243657195563857	0.0324858039817945	0.00113233985514761	1.49804539200000	0.863366683000000
'DatabaseImage0015.JPG'	1.77609517118687e-05	0.00365994055031726	0.112949615769921	0.522033548691149	0.361339134036901	3.80622849600000	0.725723626000000
'DatabaseImage0016.JPG'	0.000799080101268910	0.0174625767991747	0.139500325592584	0.407371828477434	0.434866189029539	4.06490007400000	0.996841331000000
'DatabaseImage0017.JPG'	0.000459157443549395	0.0120827415713188	0.114556399808704	0.391312064998916	0.481589636177512	4.20334700900000	0.989734719000000
'DatabaseImage0018.JPG'	0.00174782663555384	0.0270734714450208	0.166677763169626	0.407849098074447	0.396651840675353	3.96982861500000	1.04106069300000
'DatabaseImage0019.JPG'	0	8.67776203587793e-05	0.0166227925592469	0.326388538887155	0.656901844498164	4.30706178700000	0.662576091000000
'DatabaseImage0020.JPG'	0.151341793325147	0.504736805076498	0.308615209383240	0.0345952066469710	0.000710985568144796	1.71001484600000	0.767769718000000
'DatabaseImage0021.JPG'	0	0.000495931944425355	0.0355554035507553	0.376254563972606	0.587693079519405	4.23308109700000	0.722962634000000
'DatabaseImage0022.JPG'	2.07450204937550e-05	0.00316466297340389	0.0891156296286567	0.463226194953253	0.444472767424193	3.97554065600000	0.769320127000000
'DatabaseImage0023.JPG'	1.26780453874118e-05	0.00469254846296118	0.170694145029838	0.610213591391663	0.214387037070150	3.54911926500000	0.656537570000000
'DatabaseImage0024.JPG'	0.00287706565545573	0.0307521399958517	0.156228229118700	0.377226568860586	0.432915996369407	4.18511980000000	1.15947946500000
'DatabaseImage0025.JPG'	0.999999926335168	0	0	0	0	0.205564320000000	0.219934488000000
'DatabaseImage0026.JPG'	0.00109495514394227	0.0216974531978789	0.157211741469034	0.416509568499077	0.403486281690068	3.96842511800000	0.996972399000000
'DatabaseImage0027.JPG'	0	0	0.00239334816698597	0.171216067852696	0.826388326645947	4.58385878300000	0.609021243000000
'DatabaseImage0028.JPG'	0	0.000587224805157296	0.0508238505084771	0.473557995794533	0.475030198453331	4.00139267000000	0.669829078000000
'DatabaseImage0029.JPG'	0.0550355884394348	0.173991495507402	0.306370888212874	0.300470637367213	0.164131390473076	2.96677174400000	1.30717682900000
'DatabaseImage0030.JPG'	0.000674429262039344	0.0173026622189466	0.148410153598092	0.425587104350000	0.408025650570923	3.96153846100000	0.955362399000000
'DatabaseImage0031.JPG'	0.0130900539841132	0.115120691046787	0.353106338288868	0.377744207692403	0.140938708987829	3.06403250900000	0.974351540000000
'DatabaseImage0032.JPG'	0.0129997413510348	0.150204478126381	0.442079159823934	0.331425710435806	0.0632909102628447	2.78934616200000	0.855114274000000
'DatabaseImage0033.JPG'	0	0.000153912250873195	0.0229299569107687	0.363541563760185	0.613374457136099	4.23348044000000	0.668098311000000
'DatabaseImage0034.JPG'	0.0191619787846468	0.0952042572575661	0.252968175575530	0.359475182763470	0.273190405618787	3.56143994900000	1.26404414300000
'DatabaseImage0035.JPG'	0.0662272631038803	0.240361069340665	0.373652963111989	0.248799622604021	0.0709590818394446	2.52034852400000	1.08601716600000
'DatabaseImage0036.JPG'	0.154178655793089	0.427392876090870	0.337580603216068	0.0759757284514136	0.00487213644855949	1.81210588800000	0.892469116000000
'DatabaseImage0037.JPG'	0.000240790567601855	0.0109755489379666	0.135151037242553	0.449592303739598	0.404040319512281	3.91837670500000	0.874112937000000
'DatabaseImage0038.JPG'	0.00283149572855403	0.0454544212217106	0.244530312005601	0.440844696227272	0.266339074816863	3.53907108200000	0.956390229000000
'DatabaseImage0039.JPG'	0.0110444934407366	0.0783378527248771	0.256154167198557	0.386131372414604	0.268332114221225	3.52999027800000	1.13640004100000
'DatabaseImage0040.JPG'	0.302411559213295	0.426542499995417	0.224035481065261	0.0438189401964177	0.00319151952960980	1.34816000000000	1.00614074600000
'DatabaseImage0041.JPG'	0.000351242696961169	0.0129066551854971	0.139111142108700	0.439796662216450	0.407834297792393	3.93848178200000	0.902958621000000
'DatabaseImage0042.JPG'	0.208329713350278	0.569006216586992	0.211839409994732	0.0107502968614882	7.43632065096954e-05	1.50419164800000	0.708377289000000
'DatabaseImage0043.JPG'	0.00190729978089761	0.0428321095467954	0.267388473200929	0.464022040317439	0.223850077153939	3.43058580400000	0.883819603000000
'DatabaseImage0044.JPG'	0.00724668962396923	0.104452315142982	0.394888908741791	0.391570762975348	0.101841323515909	2.99369486800000	0.864413028000000
'DatabaseImage0045.JPG'	0.000477922983938906	0.0356051260125660	0.362670276824637	0.505075411972981	0.0961712622058772	3.16645652000000	0.708918465000000
'DatabaseImage0046.JPG'	0.0140115138715908	0.0836242797671874	0.249767701683940	0.373333294505764	0.279263210171518	3.58062282700000	1.20189433500000
'DatabaseImage0047.JPG'	0.0163586797662542	0.147318979158746	0.405903604594215	0.342169167139850	0.0882495693409349	2.85577412800000	0.918891787000000
'DatabaseImage0048.JPG'	0.000149296536764848	0.0144453840156276	0.222809540732392	0.547852703385604	0.214743075329612	3.48995917000000	0.737961505000000
'DatabaseImage0049.JPG'	0.0605092447964342	0.170913991154994	0.290257349674523	0.296372948834849	0.181946465539200	3.04098359200000	1.40198989600000
'DatabaseImage0050.JPG'	0.00154025076807360	0.0410321976186236	0.277107191533792	0.474417271408505	0.205903088671006	3.39179303600000	0.853621341000000
'DatabaseImage0051.JPG'	0.00290169865973315	0.0464430921211526	0.247860842305706	0.441075253527567	0.261719113385841	3.52476772500000	0.954203818000000
'DatabaseImage0052.JPG'	0.114503741120706	0.404091432191798	0.379906066742660	0.0951501409571184	0.00634861898771743	1.95334182400000	0.869482772000000
'DatabaseImage0053.JPG'	0.0236282094332881	0.114679169221343	0.282693140373006	0.353934590099280	0.225064890873083	3.33174748400000	1.21493725700000
'DatabaseImage0054.JPG'	0.0167566278647077	0.123290796790476	0.344880705399582	0.366776364393819	0.148295505551415	3.06364779600000	1.01686784400000
'DatabaseImage0055.JPG'	0.0622524620011098	0.713849959613792	0.222024155778155	0.00187299404318138	0	1.67624906200000	0.526508246000000
'DatabaseImage0056.JPG'	0.107100044542523	0.237782117934816	0.310206977351631	0.237797215201076	0.107113644969953	2.50005970400000	1.37139968000000
'DatabaseImage0057.JPG'	0.000114541817984769	0.0126494806978021	0.213895472429391	0.553797202295261	0.219543302759562	3.50694410000000	0.729993095000000
'DatabaseImage0058.JPG'	0.00354615128168146	0.123013735704008	0.544243044116753	0.307096663502400	0.0221004053951570	2.72212688000000	0.696845795000000
'DatabaseImage0059.JPG'	0.0120060258830416	0.0817308162534801	0.259245397834215	0.383155384273896	0.263862375755368	3.51155759200000	1.14431272900000
'DatabaseImage0060.JPG'	0.000489087479327616	0.0209129618470714	0.209945018228308	0.494830694047084	0.273822238398209	3.59165421800000	0.830710773000000
'DatabaseImage0061.JPG'	0.0336305809061026	0.127463978131260	0.273984443157323	0.334002468051805	0.230918529753509	3.34924340400000	1.32784389700000
'DatabaseImage0062.JPG'	0	0	0	0	0.999997725628239	4.82346627100000	0.251741459000000
'DatabaseImage0063.JPG'	0	3.00714759270947e-05	0.0117909135524233	0.329845910593621	0.658333098906194	4.26175386300000	0.615432863000000
'DatabaseImage0064.JPG'	0.0122211407145097	0.0939905303902406	0.297607018697963	0.387961787362681	0.208219522834606	3.29875924400000	1.06152154800000
'DatabaseImage0065.JPG'	0.0291564366854355	0.118945616098108	0.270120121004498	0.341475801055782	0.240302025156176	3.40016036400000	1.30655864800000
'DatabaseImage0066.JPG'	6.95893559105228e-05	0.00554950403987996	0.102978262653643	0.444648654949566	0.446753989001001	4.00323972100000	0.828161154000000
'DatabaseImage0067.JPG'	0.00396025958747296	0.0528423324710371	0.252002660648541	0.429529597160421	0.261665150132528	3.51828499600000	0.985867335000000
'DatabaseImage0068.JPG'	0.00574911707861947	0.0513978660247834	0.210376405325070	0.394236635020840	0.338239976550687	3.80390918400000	1.13137180200000
'DatabaseImage0069.JPG'	0.00123097992906606	0.111636718228818	0.644605365594563	0.236979913792132	0.00554702245542081	2.63665784000000	0.602579005000000
'DatabaseImage0070.JPG'	0.190248307247074	0.357702947558853	0.308254249625372	0.121753221831396	0.0220412737373056	1.80929588400000	1.13216763600000
'DatabaseImage0071.JPG'	0	0.000493446869426713	0.0377750360476534	0.395482312097242	0.566248323462783	4.18040767500000	0.708964763000000
'DatabaseImage0072.JPG'	0.00230068084722862	0.0341943843005911	0.194111332113646	0.420866813907780	0.348526788830755	3.80404769200000	1.01930185600000
'DatabaseImage0073.JPG'	0.00115088501361066	0.0223212881434282	0.159077788110878	0.416584210112109	0.400865828619975	3.96158260800000	0.999421923000000
'DatabaseImage0074.JPG'	0.0293414261749635	0.111565836400370	0.251950580134382	0.337935355164610	0.269206802125675	3.56357712400000	1.38542376000000
'DatabaseImage0075.JPG'	0.107604591574978	0.286044737979358	0.352263703167025	0.200970634368818	0.0531163329098203	2.27062316400000	1.14001070400000
'DatabaseImage0076.JPG'	0	0.000151103353179316	0.0393621206698868	0.549466768003165	0.411019976890386	3.90079912700000	0.584560391000000
'DatabaseImage0077.JPG'	1.20245629034898e-05	0.00158864052408989	0.0490355084553489	0.353609917936597	0.595753908521061	4.35875338400000	0.829307036000000
'DatabaseImage0078.JPG'	0	2.75812049653895e-05	0.0107172811784785	0.311570351318512	0.677684780987464	4.29970838500000	0.621044874000000
'DatabaseImage0079.JPG'	0.0746220183742348	0.304038326643136	0.410480433737001	0.183636654622494	0.0272225666231344	2.27176336000000	0.951499484000000
'DatabaseImage0080.JPG'	0.00825169538496552	0.0915753471293830	0.335085066584276	0.404271091533785	0.160816799367591	3.16917320800000	0.949362820000000
'DatabaseImage0081.JPG'	0	0	0.00481679657959688	0.216633523931696	0.778541120131833	4.50624210500000	0.629082217000000
'DatabaseImage0082.JPG'	0	0	2.15883880278488e-05	0.0727309852382904	0.927247426349433	4.45642676600000	0.423450857000000
'DatabaseImage0083.JPG'	0	0	2.01956806090691e-05	0.0390567986558850	0.960923005530652	4.73385989400000	0.478670237000000
'DatabaseImage0084.JPG'	0	0.000556446597070561	0.0338349282527502	0.349948456670177	0.615658611873733	4.31890671600000	0.751352019000000
'DatabaseImage0085.JPG'	0.253510835979842	0.427565758032792	0.258527182393186	0.0560410695250042	0.00435515406917473	1.50955064700000	0.987340140000000
'DatabaseImage0086.JPG'	0.0658826436695552	0.183274842839611	0.299738151675769	0.288196382543182	0.162907979271882	2.92607697600000	1.37206681000000
'DatabaseImage0087.JPG'	0.0323730749177174	0.128664801303232	0.280822883742636	0.336590749104369	0.221548490932046	3.30222341900000	1.29167281300000
'DatabaseImage0088.JPG'	0	0.000401063628399884	0.0295195927231815	0.342678886542819	0.627399597704117	4.32745332000000	0.735821472000000
'DatabaseImage0089.JPG'	0.00469918060528215	0.0566809646841693	0.254015241719685	0.422950718126365	0.261653894864499	3.51496238400000	1.00498988000000
'DatabaseImage0090.JPG'	0.717030058721766	0.275249352231131	0.00770485946269278	1.57272434716208e-05	0	0.634339477000000	0.617992461000000
'DatabaseImage0091.JPG'	0.00657929178747669	0.260351093281732	0.636181289202148	0.0959938932767389	0.000894432451904634	2.32084894500000	0.599259015000000
'DatabaseImage0092.JPG'	0.0192645807391953	0.103212149893448	0.274805371515591	0.363615795583550	0.239102102268216	3.40048332800000	1.19587640900000
'DatabaseImage0093.JPG'	0.0242969631944003	0.125337212371106	0.305690112224526	0.352497528221617	0.192178183988351	3.19019247200000	1.15539988000000
'DatabaseImage0094.JPG'	0.00233041766789925	0.0427555576401636	0.247097692141191	0.449844180394182	0.257972152156565	3.51864140200000	0.930416909000000
'DatabaseImage0095.JPG'	0.0949150923656245	0.202599440905876	0.283857332666745	0.261048318167329	0.157579815894426	2.80103368800000	1.54118669600000
'DatabaseImage0096.JPG'	0.000246616011927352	0.0151443589382473	0.193057644045714	0.510892577964379	0.280658803039733	3.61899034100000	0.797530795000000
'DatabaseImage0097.JPG'	0.110555528077604	0.456136438594464	0.371622406852371	0.0597863219560641	0.00189930451949783	1.87368066900000	0.785144231000000
'DatabaseImage0098.JPG'	0.0522632476825676	0.146594470596008	0.264547623933907	0.307153324987328	0.229441332800189	3.33858763600000	1.50580305300000
'DatabaseImage0099.JPG'	0.0103590964957890	0.0713065308576855	0.237469904389100	0.382612968874972	0.298251499382454	3.65693818500000	1.17357480500000
'DatabaseImage0100.JPG'	0.00312529211704763	0.0358625985040914	0.180314115922380	0.397241428291688	0.383456565164793	3.95719884600000	1.10085589900000
'DatabaseImage0101.JPG'	0.0655214445540777	0.533613672941546	0.377536155164284	0.0232048231223088	0.000123904217784056	1.85838590400000	0.639751873000000
'DatabaseImage0102.JPG'	0.0251076965492505	0.247635162865355	0.501262196413774	0.208240305748847	0.0177546384227740	2.44529464700000	0.794650154000000
'DatabaseImage0103.JPG'	0.000635654622857829	0.0404289880098924	0.371445270226283	0.492977497887317	0.0945125892536499	3.14630096000000	0.718923706000000
'DatabaseImage0104.JPG'	0.000325237824994361	0.0166193514472008	0.191635334295649	0.498638259909132	0.292781816523024	3.64234636400000	0.819578565000000
'DatabaseImage0105.JPG'	0.275123420938368	0.416294814465497	0.246381419146889	0.0570359154651886	0.00516442998405711	1.44122694400000	1.03214247400000
'DatabaseImage0106.JPG'	0.0874434156928491	0.280356835982475	0.374774651465482	0.208883574319675	0.0485415225395194	2.33179987200000	1.06916130500000
'DatabaseImage0107.JPG'	0.0446221537402634	0.188833136802195	0.355939893326835	0.298844937776192	0.111759878354515	2.78381422200000	1.11197964000000
'DatabaseImage0108.JPG'	0.00164231917507373	0.0627686050559015	0.406511589398610	0.446117157925631	0.0829603284447843	3.05237144000000	0.750546827000000
'DatabaseImage0109.JPG'	0	0.00184191036271348	0.0732338645124906	0.462118266831803	0.462798606000891	4.00079923000000	0.737071239000000
'DatabaseImage0110.JPG'	0.155035829513781	0.587558940038125	0.245972493711238	0.0113746330103449	5.81037265113143e-05	1.60475426700000	0.673728851000000
'DatabaseImage0111.JPG'	0.00101309959759356	0.0415050671548506	0.325857782477555	0.490267464701288	0.141356586068712	3.24724674000000	0.777990949000000
'DatabaseImage0112.JPG'	0.00165052270424945	0.0287611228273781	0.183037453390059	0.425425861280328	0.361125039797985	3.83731569200000	0.996386519000000
'DatabaseImage0113.JPG'	0.0606187005682698	0.286505224088057	0.425390073522389	0.198413419140746	0.0290725826805384	2.34134950400000	0.929316846000000
'DatabaseImage0114.JPG'	0.0307275147937099	0.162289729850935	0.356672031864214	0.326183127109918	0.124127596381223	2.89808552200000	1.06795242800000
'DatabaseImage0115.JPG'	0.166740345809980	0.464254756203433	0.314884360106380	0.0520265327468703	0.00209400513333650	1.72509454400000	0.841488647000000
'DatabaseImage0116.JPG'	0.00274395897557300	0.0333084708806366	0.174968244085908	0.397732634973265	0.391246691084617	3.98037083900000	1.09264025600000
'DatabaseImage0117.JPG'	0.000322554532398754	0.0123416598354423	0.136891622686697	0.440162507604249	0.410281655341213	3.94322645100000	0.898659214000000
'DatabaseImage0118.JPG'	0.103072036945488	0.255381234078667	0.332451678202302	0.227383791462779	0.0817112593107643	2.40978903300000	1.24650661700000
'DatabaseImage0119.JPG'	0.0842904410113414	0.239038548576590	0.341559051928801	0.245907568107491	0.0892043903757770	2.52066559000000	1.20783816500000
'DatabaseImage0120.JPG'	0.0658925715722972	0.258185136691636	0.392203153601428	0.230980857943550	0.0527382801910891	2.44124727600000	1.02730488800000
'DatabaseImage0121.JPG'	0.0161005275556686	0.113040040728828	0.322286572921578	0.373138299156592	0.175434559637333	3.16257152300000	1.05339576900000
'DatabaseImage0122.JPG'	0.145864931319319	0.280898182859616	0.309087585680177	0.194333999743433	0.0698153003974555	2.17087019200000	1.33668963300000
'DatabaseImage0123.JPG'	0	0	0	0	0.999999442342749	4.78750130500000	0.233857672000000
'DatabaseImage0124.JPG'	0	0.000849056219095261	0.0851144928963380	0.606634093517710	0.307401755187853	3.74287151200000	0.615026769000000
'DatabaseImage0125.JPG'	0	0.000194560312738543	0.0592669304768526	0.665311209337934	0.275227276335518	3.73259774800000	0.550410073000000
'DatabaseImage0126.JPG'	0.0604359601001409	0.410934835894732	0.448080908318172	0.0783512390838192	0.00219705660313620	2.04728112000000	0.739158426000000
'DatabaseImage0127.JPG'	0.113851703876340	0.267065034968961	0.330148200636524	0.215087534316033	0.0738475262021418	2.33104482600000	1.24946713200000
'DatabaseImage0128.JPG'	0.00667732048574950	0.0736150885600341	0.291689914861649	0.415399477252008	0.212618198840560	3.34550194000000	0.988553603000000
'DatabaseImage0129.JPG'	0.0133320700935356	0.104419628148787	0.319813448380585	0.383037529771992	0.179397323605099	3.19212941300000	1.03201149300000
'DatabaseImage0130.JPG'	0.000786364584593621	0.0217519615086665	0.181112615127072	0.453915248408180	0.342433810371489	3.76526188700000	0.912633827000000
'DatabaseImage0131.JPG'	0.0349145057810647	0.217298905098838	0.428102877775348	0.266979383886775	0.0527043274579749	2.58949876300000	0.932390585000000
'DatabaseImage0132.JPG'	0	0.000963463920124954	0.0523719003368242	0.426459135237235	0.520202845357467	4.10466585600000	0.725773481000000
'DatabaseImage0133.JPG'	0.0176286607528433	0.0980889222830791	0.269900259235929	0.367256369426026	0.247125788302123	3.43740505600000	1.19168405400000
'DatabaseImage0134.JPG'	0.129788888185388	0.268970068923376	0.314953342619282	0.208383973547410	0.0779037267245438	2.27646464000000	1.32352673300000
'DatabaseImage0135.JPG'	0.166686235439633	0.385660782213579	0.330460559796631	0.104867812191933	0.0123246103582243	1.84448967900000	1.00335893400000
'DatabaseImage0136.JPG'	0.0887570025174409	0.481906802509411	0.383749894602120	0.0448185977173440	0.000767702653684528	1.88135093200000	0.721761496000000
'DatabaseImage0137.JPG'	0.000395602656875360	0.0482907352836374	0.494859665917959	0.425710064923563	0.0307439312179655	2.93924817200000	0.635314502000000
'DatabaseImage0138.JPG'	3.22712418095869e-05	0.00436071554995628	0.107716558341958	0.486395791277627	0.401494663588649	3.88711643600000	0.767112154000000
'DatabaseImage0139.JPG'	0.164154404721630	0.242881119590975	0.263108870360508	0.208678517169999	0.121177088156888	2.25658690400000	1.79095079700000
'DatabaseImage0140.JPG'	0.00380585424515543	0.0478251959005006	0.229781351112308	0.422110558138490	0.296477040603547	3.63253166500000	1.01985795500000
'DatabaseImage0141.JPG'	1.46107894881023e-05	0.00666840711954228	0.233761074714680	0.629395958312052	0.130159949064238	3.38592535200000	0.624213218000000
'DatabaseImage0142.JPG'	0.324124173150343	0.575229097231737	0.0989921294219982	0.00165192711876179	0	1.24584260600000	0.654648563000000
'DatabaseImage0143.JPG'	0.402168940350851	0.528392413183236	0.0685590521173102	0.000878482714602305	0	1.11790665600000	0.657225062000000
'DatabaseImage0144.JPG'	0.812663307152212	0.186665074307149	0.000671580694948704	0	0	0.646090816000000	0.490500488000000
'DatabaseImage0145.JPG'	0.00331305925164671	0.0427749123181995	0.214855919471906	0.419859311442274	0.319196797515974	3.70964692300000	1.02919889500000
'DatabaseImage0146.JPG'	0	9.28854737560320e-05	0.0223498126346846	0.408867880974920	0.568689391566867	4.12805179400000	0.622979589000000
'DatabaseImage0147.JPG'	0.257658599545867	0.602527122335163	0.136792712174798	0.00301511387702199	0	1.36425291200000	0.654817885000000
'DatabaseImage0148.JPG'	0	0.00134572051878373	0.0577357733541002	0.420609437169343	0.520303742865658	4.11996260900000	0.750984505000000
'DatabaseImage0149.JPG'	0.214505288195499	0.517033661644337	0.245170316478450	0.0228710029342263	0.000419730747487721	1.54108998400000	0.784240537000000
'DatabaseImage0150.JPG'	0	0	0.000166864077540978	0.0857895918371111	0.914043537359423	4.61034047600000	0.507902680000000
'DatabaseImage0151.JPG'	0.0485162321651549	0.167849437505455	0.311002462276122	0.308616312225291	0.164015555827977	2.98766560800000	1.26548269600000
'DatabaseImage0152.JPG'	0.0213133312951726	0.152206494797537	0.382586768253209	0.338486708390200	0.105406697263882	2.88271207200000	0.978612256000000
'DatabaseImage0153.JPG'	0.143799288374874	0.529758910080926	0.299982354412906	0.0261101312687476	0.000349315862545999	1.69632200000000	0.730744704000000
'DatabaseImage0154.JPG'	0	0.00138723683265807	0.0632200140003426	0.446541554890152	0.488846476363598	4.04854979600000	0.732370724000000
'DatabaseImage0155.JPG'	0.0778590738565677	0.294968556765819	0.399755541625185	0.193805252135112	0.0336115756173164	2.29570936000000	0.986295044000000
'DatabaseImage0156.JPG'	0.0925968873981302	0.307675163185232	0.385378439617738	0.181962255460749	0.0323872543381516	2.23081124800000	1.01242386000000
'DatabaseImage0157.JPG'	0.283907381433603	0.620269866002950	0.0948081488865110	0.00101384517168233	0	1.29382091200000	0.613161714000000
'DatabaseImage0158.JPG'	0.00994507934328945	0.0697594404341461	0.235720585813568	0.383700020701133	0.300874873707864	3.66706862900000	1.17010657800000
'DatabaseImage0159.JPG'	0.0891637258616745	0.275097883421619	0.368173786994019	0.213739630822512	0.0538249729001753	2.34892184400000	1.09420417400000
'DatabaseImage0160.JPG'	0	0	0.00458300058176526	0.220773318936611	0.774636750119923	4.47919292200000	0.617858098000000
'DatabaseImage0161.JPG'	0	0.000910187592104913	0.0548907468389781	0.448313694236936	0.495883327348799	4.05044136800000	0.707230392000000
'DatabaseImage0162.JPG'	0	0.00135107697746275	0.0563580378442758	0.412503887152556	0.529781314723719	4.14377887700000	0.758032246000000
'DatabaseImage0163.JPG'	0	0.000430072136512433	0.0371612038656197	0.405134199823310	0.557273896183441	4.15401972800000	0.695028812000000
'DatabaseImage0164.JPG'	0.000114985580148346	0.00599707148157568	0.0906896893693416	0.397648590680548	0.505549662888386	4.19391632400000	0.898734396000000
'DatabaseImage0165.JPG'	0.000263942193064753	0.0112385887580175	0.133622504648488	0.443621213442491	0.411253750957938	3.94061309200000	0.885367353000000
'DatabaseImage0166.JPG'	0	0.000164208271595958	0.0285916977290811	0.426437740555425	0.544806272660728	4.09968473800000	0.637915715000000
'DatabaseImage0167.JPG'	0.0179391210402279	0.103962763806726	0.284670707881032	0.368295196444093	0.225132210827921	3.34351737400000	1.15489409400000
'DatabaseImage0168.JPG'	0.0989370891743606	0.397814882894043	0.398019659488735	0.0990899524666349	0.00613841597622662	2.00036996800000	0.847887656000000
'DatabaseImage0169.JPG'	1.96389712563909e-05	0.00245837903501041	0.0672964047643969	0.402854104741638	0.527371472487698	4.17717529200000	0.811070568000000
'DatabaseImage0170.JPG'	0.000353622868321975	0.0141720618773366	0.154632080926826	0.459346089987778	0.371496144339738	3.83684699300000	0.876713889000000
'DatabaseImage0171.JPG'	0	2.31177829932556e-05	0.0137051118258736	0.402160227812727	0.584111540648261	4.12417205600000	0.576789103000000
'DatabaseImage0172.JPG'	0	0	0.000774548973044294	0.161729648373056	0.837495710659457	4.44482820400000	0.520092432000000
'DatabaseImage0173.JPG'	0.000374516733560743	0.0119542793038580	0.123631005659636	0.414269764039035	0.449770434263910	4.07295495000000	0.941973753000000
'DatabaseImage0174.JPG'	0.000191008241436439	0.0105512744703997	0.142365515164181	0.469193251212725	0.377698950911258	3.84610711900000	0.842291056000000
'DatabaseImage0175.JPG'	0	1.07962742864494e-05	0.00854793056287457	0.335961457428053	0.655479815057880	4.22257251900000	0.577067944000000
'DatabaseImage0176.JPG'	0.164835485939699	0.589293846287033	0.235321927599578	0.0104964438363483	5.22963373419611e-05	1.58120782100000	0.675437123000000
'DatabaseImage0177.JPG'	0.00936236693369182	0.103232804177207	0.358764912111727	0.392972689800645	0.135667226976728	3.07887767500000	0.930642201000000
'DatabaseImage0178.JPG'	0.00194975231743844	0.0838134817686736	0.488070190689004	0.385021204713847	0.0411453705110363	2.88136182400000	0.707278994000000
'DatabaseImage0179.JPG'	1.12322112863943e-05	0.00268187567213783	0.0953316803587569	0.504499902432329	0.397475309325490	3.87481372200000	0.724591969000000
'DatabaseImage0180.JPG'	0.290800959273087	0.492785158610521	0.197325264925093	0.0186711496488062	0.000417467542492605	1.36559994200000	0.832566428000000
'DatabaseImage0181.JPG'	0.744640075340850	0.253851082826067	0.00150868551605489	0	0	0.734240900000000	0.496943514000000
'DatabaseImage0182.JPG'	0.362188935880576	0.612212696775227	0.0255719717218348	2.63949491180337e-05	0	1.14184954600000	0.519840358000000
'DatabaseImage0183.JPG'	0.00135175363494263	0.0270707580031580	0.185613594725578	0.435738206496737	0.350225687139584	3.79617836900000	0.965907065000000
'DatabaseImage0184.JPG'	0.636571215695179	0.356551822276872	0.00687240360205769	0	0	0.827973680000000	0.544787335000000
'DatabaseImage0185.JPG'	0.0793492791741168	0.242746882167540	0.353161755076805	0.244344745111484	0.0803973384700549	2.50441360800000	1.15992970300000
'DatabaseImage0186.JPG'	0.176760079463901	0.786059343240721	0.0371618999892673	1.86772063186145e-05	0	1.32839858300000	0.469117301000000
'DatabaseImage0187.JPG'	1.48007624015982e-05	0.00506839626119592	0.174830708805886	0.607471008621035	0.212615085549481	3.54262289600000	0.660054165000000
'DatabaseImage0188.JPG'	2.02362770487391e-05	0.00335648579169857	0.0965910141621107	0.482265678148281	0.417766585620861	3.91803277600000	0.755587554000000
'DatabaseImage0189.JPG'	0.000940034168114301	0.102385084400533	0.650442010184411	0.241023457191936	0.00520941405500672	2.65064267200000	0.593216546000000
'DatabaseImage0190.JPG'	0.617336043659179	0.381795251382119	0.000868697686999184	0	0	0.914269556000000	0.422384250000000
'DatabaseImage0191.JPG'	0.00597741513468683	0.152525033350962	0.546727149880926	0.275297302546515	0.0194730990869102	2.65043487200000	0.713790715000000
'DatabaseImage0192.JPG'	0.000126907629472516	0.00745321235476677	0.112731963834697	0.439135416176076	0.440552500004987	4.00237494800000	0.858575337000000
'DatabaseImage0193.JPG'	0.331876259581409	0.464819734640354	0.182572125037451	0.0201106414488636	0.000621239291923206	1.26497533300000	0.886870666000000
'DatabaseImage0194.JPG'	0.420018660500190	0.449810056355340	0.121707408281044	0.00832016897715563	0.000143705886270261	1.04981076800000	0.852576023000000
'DatabaseImage0195.JPG'	0.565168055071061	0.390260071162176	0.0437720589514706	0.000797454979867286	0	0.796254112000000	0.741757327000000
'DatabaseImage0196.JPG'	0.0341219421047510	0.193765044230745	0.397760536672025	0.295170210568198	0.0791822664242803	2.70683297600000	0.991362304000000
'DatabaseImage0197.JPG'	0.00195386715859607	0.0425307994210258	0.262994899911432	0.461983404684484	0.230537028824463	3.44766710000000	0.891397380000000
'DatabaseImage0198.JPG'	5.94359673764494e-05	0.00551334276678450	0.109373809878990	0.464028201841537	0.421025209545313	3.93694829600000	0.805188870000000
'DatabaseImage0199.JPG'	0.00351838004322654	0.0551263129474717	0.275817726072505	0.440689224033021	0.224848356903776	3.41050738900000	0.935964751000000
'DatabaseImage0200.JPG'	1.74107469696120e-05	0.00304492361569962	0.0918127653243439	0.477306557556192	0.427818342756795	3.93773122000000	0.754235346000000
'DatabaseImage0201.JPG'	0.0559200881072169	0.216712719207219	0.367204211429005	0.272043029694482	0.0881199515620767	2.63742700000000	1.09943002900000
'DatabaseImage0202.JPG'	0.769455188194217	0.225601183093155	0.00493557076833254	0	0	0.527271195000000	0.620724633000000
'DatabaseImage0203.JPG'	0	0	0.00124264184778936	0.144943478959380	0.853813341153140	4.59394703100000	0.578727786000000
'DatabaseImage0204.JPG'	0	0	0	0.0325724254965181	0.967425747524659	4.53008729200000	0.395365482000000
'DatabaseImage0205.JPG'	0.0692832105006912	0.277804712352380	0.402446039030633	0.210635782845539	0.0398302552707571	2.36406286400000	0.991084094000000
'DatabaseImage0206.JPG'	0.366389497231448	0.381063128436088	0.196214294955254	0.0500200547420786	0.00631302463513095	1.05585582900000	1.19265377900000
'DatabaseImage0207.JPG'	0.506445905162717	0.463380636782750	0.0300354942949568	0.000137918894868773	0	0.966430446000000	0.614608263000000
'DatabaseImage0208.JPG'	0.0786921424426756	0.318191452874781	0.411068954092028	0.169671881013885	0.0223755695766307	2.22445856000000	0.936174384000000
'DatabaseImage0209.JPG'	0.960612173852141	0.0393680027796859	1.98232455306010e-05	0	0	0.273824503000000	0.476772689000000
'DatabaseImage0210.JPG'	0.497463529157424	0.426837198319770	0.0731755866926992	0.00250653113777322	1.71546923339198e-05	0.904919552000000	0.788007324000000
'DatabaseImage0211.JPG'	0.999999828321972	0	0	0	0	0.163805726000000	0.231687549000000
'DatabaseImage0212.JPG'	7.88552780954509e-05	0.0114587963405632	0.221685110181847	0.570983209882817	0.195794028316677	3.46920382400000	0.704225627000000
'DatabaseImage0213.JPG'	0.0912438995773083	0.435536035487224	0.400085863116672	0.0707279670327768	0.00240623478601900	1.94848212400000	0.778985429000000
'DatabaseImage0214.JPG'	0.390489472646544	0.443454246494135	0.150371058073589	0.0152249418581916	0.000460280927540331	1.10523329600000	0.909586320000000
'DatabaseImage0215.JPG'	0.976049150380843	0.0239480749359786	0	0	0	0.307695392000000	0.432116361000000
'DatabaseImage0216.JPG'	0.966048661517090	0.0339420015642006	0	0	0	0.309557033000000	0.454082536000000
'DatabaseImage0217.JPG'	0.562317031132354	0.404504112072957	0.0328766356201390	0.000301907929371053	0	0.848931648000000	0.677208463000000
'DatabaseImage0218.JPG'	0.912743036954967	0.0870610790180278	0.000195873632474604	0	0	0.372881649000000	0.516600945000000
'DatabaseImage0219.JPG'	0.210334908288297	0.331445564132578	0.286670549802965	0.136089294098592	0.0354596836775681	1.75807340800000	1.29111015600000
'DatabaseImage0220.JPG'	0.401747185289144	0.501979746109947	0.0936532816727264	0.00260893499849591	1.08519296868858e-05	1.11712526500000	0.725152470000000
'DatabaseImage0221.JPG'	0.155348603853019	0.414927718313391	0.338745951501517	0.0845302885260360	0.00644743780603726	1.82885665600000	0.918519358000000
'DatabaseImage0222.JPG'	0.0215877083887613	0.279961147262874	0.538407978294928	0.153549253549103	0.00649391250433370	2.34264860900000	0.723847336000000
'DatabaseImage0223.JPG'	0.306938349421961	0.361503227980637	0.233207462902537	0.0824027958588477	0.0159481638360173	1.27181585600000	1.28888393800000
'DatabaseImage0224.JPG'	0.0105727113257430	0.0934045207381072	0.312215076292840	0.394861050739129	0.188946640904181	3.24162876600000	1.01434751600000
'DatabaseImage0225.JPG'	0.123928805675631	0.466715062747195	0.353739930019992	0.0539596430989714	0.00165655845821092	1.82711928000000	0.789787759000000
'DatabaseImage0226.JPG'	0.192302596420797	0.426748567964022	0.305300627655166	0.0704128660789200	0.00523534188109483	1.70415965100000	0.939879968000000
'DatabaseImage0227.JPG'	0.0980972753603213	0.215581182483854	0.296048545850940	0.254046486266720	0.136226510038165	2.67458792000000	1.45835195800000
'DatabaseImage0228.JPG'	0.00292723300973475	0.0841130301671968	0.436106245811690	0.407985170531761	0.0688683204796174	2.96107459200000	0.764187612000000
'DatabaseImage0229.JPG'	0.0280147738551372	0.275467479240538	0.508654482206784	0.176378134072680	0.0114851306248610	2.36670975200000	0.773258964000000
'DatabaseImage0230.JPG'	3.08451217611234e-05	0.00410159388545083	0.102174710134908	0.476824718329201	0.416868132528680	3.91976624000000	0.772703444000000
'DatabaseImage0231.JPG'	0.0268054901608140	0.181527412295967	0.408909334190041	0.306392532120866	0.0763652312323119	2.73778237800000	0.953153657000000
'DatabaseImage0232.JPG'	0.751952937599407	0.247174554311259	0.000872475019001695	0	0	0.754610853000000	0.469636946000000
'DatabaseImage0233.JPG'	0	0	0.00201265918863052	0.158908671858581	0.839076964070785	4.61516979200000	0.608029136000000
'DatabaseImage0234.JPG'	0.124961106657667	0.339438811401828	0.360915491767699	0.150212799596975	0.0244717905758313	2.06540937600000	1.03255272000000
'DatabaseImage0235.JPG'	0.235551312038972	0.416251050492503	0.274468190345462	0.0675298144863556	0.00619963263670730	1.57755355200000	1.00716988900000
'DatabaseImage0236.JPG'	0.000868139760814766	0.0180281543433146	0.139756512585280	0.404438051755622	0.436909141554969	4.07837326900000	1.00739616200000
'DatabaseImage0237.JPG'	0.0759013382621508	0.274936057781271	0.388635711521587	0.214379100962097	0.0461477914728949	2.36780419200000	1.03087285800000
'DatabaseImage0238.JPG'	0.686075100699986	0.295268066355016	0.0184881852919066	0.000168424425001429	0	0.562625891000000	0.720254700000000
'DatabaseImage0239.JPG'	0.189448845301074	0.321217433927630	0.297421204369391	0.150387043387640	0.0415254730142652	1.87277193300000	1.28568254300000
'DatabaseImage0240.JPG'	0.191021271342331	0.425053335848416	0.306710452284356	0.0717690460616330	0.00544589446326392	1.71023993600000	0.942331558000000
'DatabaseImage0241.JPG'	0.127628382573968	0.524438789535952	0.318864267406340	0.0286866879084134	0.000381872575326455	1.73960056700000	0.723428961000000
'DatabaseImage0242.JPG'	0.192401509115867	0.434771701176351	0.303221833919515	0.0652688677207199	0.00433608806754630	1.69346842200000	0.922298468000000
'DatabaseImage0243.JPG'	0.156727425409715	0.270429867314336	0.292024638111587	0.197351084555318	0.0834669846090435	2.16391888500000	1.46070371000000
'DatabaseImage0244.JPG'	0.0360243472173954	0.156124208524203	0.325263415240119	0.325754950161368	0.156833078856914	3.00206157600000	1.16843368000000
'DatabaseImage0245.JPG'	0.839047304306827	0.158122006509130	0.00282589903292386	0	0	0.291530112000000	0.651546656000000
'DatabaseImage0246.JPG'	0.0788342753561642	0.222211409384736	0.330814112365976	0.260116620197430	0.108023582695694	2.62336482400000	1.25161057400000
'DatabaseImage0247.JPG'	0.0302402502787184	0.217568889465027	0.446702170277772	0.261727395651121	0.0437612943273615	2.57368145500000	0.893011941000000
'DatabaseImage0248.JPG'	6.19129422436348e-05	0.00910866794046416	0.190188994726842	0.563602592119778	0.237037832270672	3.55639075600000	0.715663467000000
'DatabaseImage0249.JPG'	0.701157479864086	0.295750399818499	0.00309131960960638	0	0	0.766553157000000	0.520036823000000
'DatabaseImage0250.JPG'	0.0198712553786182	0.553937050305966	0.417668937487435	0.00851805804197443	0	1.92178640000000	0.526305674000000
'DatabaseImage0251.JPG'	0.917074523398453	0.0828245646736686	0.000100910269310132	0	0	0.441573493000000	0.481918800000000
'DatabaseImage0252.JPG'	0.481193786550803	0.433462711720087	0.0820523153549530	0.00326390343673842	2.72829374183033e-05	0.933035040000000	0.800644761000000
'DatabaseImage0253.JPG'	0.907854746365828	0.0918725660576711	0.000272663844050059	0	0	0.350941152000000	0.532303893000000
'DatabaseImage0254.JPG'	0.942795168042064	0.0571328733437313	7.19567306699473e-05	0	0	0.276262662000000	0.508092262000000
'DatabaseImage0255.JPG'	0.546057743446421	0.412152220553684	0.0412419528493164	0.000547120896221543	0	0.860768427000000	0.703492245000000
'DatabaseImage0256.JPG'	0.619783004276494	0.347163533363146	0.0325416681983656	0.000510454222879330	0	0.675799564000000	0.747915521000000
'DatabaseImage0257.JPG'	0.486398974576560	0.402345074338078	0.102916362842036	0.00814047735150639	0.000199110891819219	0.838354560000000	0.923052051000000
'DatabaseImage0258.JPG'	0.421066847292061	0.443060427739175	0.125989619350809	0.00968203064030466	0.000201074977649711	1.03891297600000	0.874231019000000
'DatabaseImage0259.JPG'	0	0	0	0.0100148457265422	0.989984908197194	4.76301986800000	0.407558858000000
'DatabaseImage0260.JPG'	0	0	0	0	0.999999999997453	4.91975237800000	0.185613997000000
'DatabaseImage0261.JPG'	0.869069117772501	0.130474689321038	0.000456155768689980	0	0	0.495660736000000	0.515720445000000
'DatabaseImage0262.JPG'	0.0406805790032921	0.336788181038326	0.490878773019889	0.125961944339370	0.00569052259912239	2.21689787200000	0.758761077000000
'DatabaseImage0263.JPG'	0.0341492411319029	0.407004010827273	0.496183121487672	0.0618743929261474	0.000789233627004799	2.08689712000000	0.662271892000000
'DatabaseImage0264.JPG'	0.291867898487350	0.683457884458483	0.0246605063189100	1.37106178007522e-05	0	1.20390588800000	0.489536271000000
'DatabaseImage0265.JPG'	6.48414531255728e-05	0.00664411163387680	0.131085147192121	0.497969145853600	0.364236753867277	3.81016797300000	0.779107105000000
'DatabaseImage0266.JPG'	0.000468496389281818	0.0323037767978657	0.333360424341610	0.514859186724927	0.119008115746316	3.22884902200000	0.725596379000000
'DatabaseImage0267.JPG'	0	0.00196959595358895	0.0821145102111980	0.492070799064277	0.423838304309250	3.92304761300000	0.717999158000000
'DatabaseImage0268.JPG'	0.0676869560773876	0.215114576617559	0.341045365757810	0.269731657705785	0.106421443841458	2.66267342200000	1.19914713800000
'DatabaseImage0269.JPG'	0	0	1.06186992260937e-05	0.0379089473151665	0.962080433964463	4.65378883200000	0.449629424000000
'DatabaseImage0270.JPG'	0.0291014514872017	0.164317967825624	0.367370115522399	0.325215292844263	0.113995172320513	2.86844128200000	1.03893713700000
'DatabaseImage0271.JPG'	0	0	0.00676852730883202	0.305158693073188	0.688065271016606	4.27142469200000	0.577784092000000
'DatabaseImage0272.JPG'	0.116504894691984	0.738906817250649	0.143730652458309	0.000857478703189072	0	1.53013483200000	0.535712377000000
'DatabaseImage0273.JPG'	0.232802172557021	0.595977944289570	0.166158194263915	0.00504500681074617	1.66820787486307e-05	1.42394982900000	0.671567901000000
'DatabaseImage0274.JPG'	0	0	0	0.00175200852742564	0.998247991266756	4.66015132400000	0.322550531000000
'DatabaseImage0275.JPG'	0	0	0	0.00157237549088828	0.998427623715423	4.80213039300000	0.352550765000000
'DatabaseImage0276.JPG'	0.00577986638542848	0.0660383812419278	0.275464324177491	0.419492908437890	0.233224519757263	3.41740224600000	0.996204952000000
'DatabaseImage0277.JPG'	0.00208808561403541	0.0336636873292990	0.198497824713187	0.428085485937710	0.337664916405769	3.76410254700000	0.997105791000000
'DatabaseImage0278.JPG'	0.557121761835157	0.393924886941039	0.0479452371328358	0.00100449152884493	0	0.802996272000000	0.753890337000000
'DatabaseImage0279.JPG'	0.101448655473353	0.257685208356902	0.336610380106479	0.226131122548132	0.0781246335151341	2.40178647200000	1.22628006000000
'DatabaseImage0280.JPG'	0	0	3.68850744346000e-05	0.0834994713347638	0.916463643511804	4.44954667300000	0.433184392000000
'DatabaseImage0281.JPG'	0	0	0.000228471190625948	0.116321238521590	0.883450283593570	4.48213378900000	0.487647008000000
'DatabaseImage0282.JPG'	0.000930360949272165	0.0212555017777031	0.164459501218510	0.430937506171945	0.382417129882570	3.88967802000000	0.961027766000000
'DatabaseImage0283.JPG'	0	0	0.00206290210631811	0.161653225002451	0.836282134851454	4.60471565300000	0.606581399000000
'DatabaseImage0284.JPG'	0	0.000290547788822668	0.0646391424478900	0.645595042201200	0.289475208931242	3.74154522600000	0.567645591000000
'DatabaseImage0285.JPG'	0.208124941403407	0.392153158509700	0.297582828467718	0.0909453667688068	0.0111937048503677	1.69657192700000	1.04858806800000
'DatabaseImage0286.JPG'	0.227128108758818	0.466645538431132	0.263559061627766	0.0409207315174349	0.00174655966484976	1.55759998400000	0.879991179000000
'DatabaseImage0287.JPG'	0.372856749789853	0.418728809313105	0.178018086088832	0.0286507414518146	0.00174561335639547	1.11944931200000	1.01463120400000
'DatabaseImage0288.JPG'	0.0259622696142570	0.364112235147580	0.529046085825072	0.0796374516700040	0.00124195774308763	2.16479033800000	0.664132383000000
'DatabaseImage0289.JPG'	8.28521977497264e-05	0.443767593764615	0.555986613061545	0.000162940964920304	0	2.02696510400000	0.345845757000000
'DatabaseImage0290.JPG'	0.118667205305193	0.265178833455924	0.323247855104486	0.214941909466842	0.0779641966675552	2.32672146400000	1.28451699100000
'DatabaseImage0291.JPG'	0.386909999134416	0.430831313162506	0.161154434526689	0.0202495302776329	0.000854722898757292	1.09856695300000	0.957440740000000
'DatabaseImage0292.JPG'	0	0.000283050588251420	0.0275439887471072	0.356818368094094	0.615354205349557	4.27025980500000	0.704212885000000
'DatabaseImage0293.JPG'	0	0	0.00123010716591748	0.161766402869758	0.837003121923453	4.50803172800000	0.555952278000000
'DatabaseImage0294.JPG'	0	1.15693915158865e-05	0.00599849809298377	0.241260045503140	0.752729885281391	4.44506763300000	0.625423380000000
'DatabaseImage0295.JPG'	0.0402417105711126	0.224263525154294	0.418709578941649	0.261902225755139	0.0548829595778064	2.57093764800000	0.956265058000000
'DatabaseImage0296.JPG'	0.00472726093838259	0.0663294999329854	0.298515387595076	0.430912977942009	0.199514873591548	3.32282474500000	0.937778513000000
'DatabaseImage0297.JPG'	0.140521727071695	0.354002656641248	0.349596646949883	0.135339850010986	0.0205391193261888	1.98662593600000	1.03336521600000
'DatabaseImage0298.JPG'	0.167912845618442	0.427863649548715	0.325376120404031	0.0738456262094653	0.00500175821934583	1.77354715600000	0.909398254000000
'DatabaseImage0299.JPG'	0.272598962525979	0.496859336268380	0.209611428624663	0.0204676842165655	0.000462588364411800	1.41022481700000	0.826656139000000
'DatabaseImage0300.JPG'	1.30217127127205e-05	0.00229646922741625	0.0743371765118472	0.441676612944269	0.481676719603755	4.05113942500000	0.768033848000000
'DatabaseImage0301.JPG'	0.000319034245523032	0.0280519878337347	0.331659774705204	0.527259947182256	0.112709256033282	3.23104502200000	0.705966480000000
'DatabaseImage0302.JPG'	0	9.03349464559902e-05	0.0147157234988467	0.290469498157841	0.694724376204008	4.41316730000000	0.688336171000000
'DatabaseImage0303.JPG'	0.462143437450078	0.447417015373966	0.0870134939921052	0.00339937538170053	2.66778021503931e-05	0.979823456000000	0.789326308000000
'DatabaseImage0304.JPG'	0.995645442956639	0.00435453227622428	0	0	0	0.182521520000000	0.387928179000000
'DatabaseImage0305.JPG'	0.000872884439719235	0.0218087293303292	0.173967814133130	0.443070039956827	0.360280532139994	3.81882768100000	0.935887263000000
'DatabaseImage0306.JPG'	0.00512265936880416	0.0611157628509611	0.266066515288934	0.422674874395103	0.245020188096198	3.45912899200000	0.995964763000000
'DatabaseImage0307.JPG'	0.0414438128823114	0.186223753720798	0.361093000018199	0.302142405945693	0.109097027432998	2.78791996000000	1.09081437400000
'DatabaseImage0308.JPG'	0.0106398324357765	0.173026430806877	0.512559701158744	0.276586395140497	0.0271876404581052	2.63773210900000	0.766319120000000
'DatabaseImage0309.JPG'	0	0	0	0	0.999999996372752	4.84615384400000	0.208657847000000
'DatabaseImage0310.JPG'	0	0	0.00108350999074127	0.249385242959993	0.749531185577380	4.25365647700000	0.480106964000000
'DatabaseImage0311.JPG'	0.0154791695310930	0.0931768172491290	0.269237992782587	0.373450524946825	0.248655495490366	3.44581919900000	1.16729196800000
'DatabaseImage0312.JPG'	0.000977173187318863	0.0387726110946192	0.308730280731524	0.493326083318499	0.158193851668039	3.29183519200000	0.789078588000000
'DatabaseImage0313.JPG'	0.00980881123770127	0.0622278907463856	0.208848440338887	0.370812908711451	0.348301948965575	3.90163934200000	1.25321874100000
'DatabaseImage0314.JPG'	0	9.91696051132189e-05	0.0140318456736003	0.271052511862808	0.714816377173274	4.48698223500000	0.708655110000000
'DatabaseImage0315.JPG'	0	7.98944463121550e-05	0.0129179723487104	0.268621266810598	0.718380802845615	4.47962177300000	0.698262465000000
'DatabaseImage0316.JPG'	0.00784930062266317	0.0503659377730523	0.180309227279687	0.360142226737250	0.401333307587348	4.18558220800000	1.30908390800000
'DatabaseImage0317.JPG'	0.947184041539669	0.0527995516079072	1.64068240038095e-05	0	0	0.443693646000000	0.438969470000000
'DatabaseImage0318.JPG'	0.000514324753033703	0.0173486622021078	0.166851806368833	0.457543291190216	0.357741915485809	3.80390918700000	0.892705871000000
'DatabaseImage0319.JPG'	9.23484268374554e-05	0.00706624586421736	0.121324905117960	0.467426305634868	0.404090194956117	3.90256544000000	0.818032329000000
'DatabaseImage0320.JPG'	0.000197580232617328	0.00839637754769122	0.107177762361076	0.410943081796193	0.473285198062422	4.11743643800000	0.911837155000000
'DatabaseImage0321.JPG'	4.77573671110388e-05	0.00822134141546710	0.188128219638427	0.572234661873629	0.231368019705366	3.55126101200000	0.703952231000000
'DatabaseImage0322.JPG'	0	0.000454835008115251	0.0410684588219269	0.431375092069274	0.527101028108934	4.09315858500000	0.681784548000000
'DatabaseImage0323.JPG'	0.00190178548569355	0.0458710135886341	0.287334340383390	0.467421966669778	0.197470893872505	3.36090797600000	0.861228644000000
'DatabaseImage0324.JPG'	0	0.000352606965105736	0.0229349396537364	0.286849846897220	0.689861564083758	4.53223586200000	0.778790372000000
'DatabaseImage0325.JPG'	0	4.24368609482210e-05	0.00940929362773285	0.244645216275230	0.745903030792339	4.52012024800000	0.683055546000000
'DatabaseImage0326.JPG'	0	0	0.000194690481153546	0.110059431635387	0.889745872958320	4.49204009000000	0.485216872000000
'DatabaseImage0327.JPG'	0.0327569123621852	0.159682658164016	0.343725147705503	0.326710897037112	0.137124384731184	2.93789405600000	1.10605626500000
'DatabaseImage0328.JPG'	0.387098903432040	0.415038278142027	0.169784379786889	0.0265002932998878	0.00157814533915680	1.07232819200000	1.01874837300000
'DatabaseImage0329.JPG'	0.000175579102790547	0.00859263647472221	0.115985222740440	0.431818746163173	0.443427815518874	4.02059690000000	0.881129418000000
'DatabaseImage0330.JPG'	0	0	0	0.0242296872630212	0.975765293739361	4.77210338100000	0.457080501000000
'DatabaseImage0331.JPG'	0	0	0.000546246983109288	0.122989114529630	0.876464561697481	4.56872635000000	0.538149574000000
'DatabaseImage0332.JPG'	0	0	0.00523073740800434	0.234397942987386	0.760362868780742	4.44817719000000	0.617132000000000
'DatabaseImage0333.JPG'	0	0	0.000324600941233575	0.0922081376701427	0.907467221799640	4.68001260400000	0.545333932000000
'DatabaseImage0334.JPG'	0.0362521449409768	0.169895247331898	0.350123947935183	0.317289330368235	0.126439329423708	2.88014148700000	1.10325400300000
'DatabaseImage0335.JPG'	0.000924680176564558	0.0396269198304803	0.321565101545517	0.494114192622847	0.143769105824591	3.25813368000000	0.775188045000000
'DatabaseImage0336.JPG'	1.08593613958686e-05	0.00174031988208683	0.0574879109802650	0.391423254277173	0.549337655499080	4.21460505500000	0.795735851000000
'DatabaseImage0337.JPG'	0	0.000176168861219054	0.0170544510733816	0.271557038416825	0.711212042328898	4.53341738700000	0.744330647000000
'DatabaseImage0338.JPG'	0	0.000105317134660668	0.0150373169279620	0.282981143994542	0.701876124725538	4.44825595500000	0.702473669000000
'DatabaseImage0339.JPG'	0.00190969872607293	0.0361000178944983	0.222459579097598	0.446885167599857	0.292645536681973	3.62232032800000	0.944533525000000
'DatabaseImage0340.JPG'	0.00378981512530123	0.0374856260006711	0.174864283901098	0.384704319228925	0.399155955744005	4.04906569000000	1.15348025200000
'DatabaseImage0341.JPG'	0	1.42598163809088e-05	0.0112792325764932	0.391661288926381	0.597045217889313	4.13487434200000	0.565609525000000
'DatabaseImage0342.JPG'	0.124602228822860	0.418377975519777	0.367497079331563	0.0844463813657918	0.00507633496000809	1.90329843600000	0.863569232000000
'DatabaseImage0343.JPG'	0.00334327226131504	0.0449616875337895	0.226203250586111	0.425736083210218	0.299755706408567	3.64316678200000	1.00848811300000
'DatabaseImage0344.JPG'	0.00519250650850925	0.0563726290880084	0.242763209586425	0.414687354641218	0.280984300175840	3.57906234400000	1.03993914100000
'DatabaseImage0345.JPG'	0.000482798570101134	0.0527208827632738	0.501433211177355	0.415391150040595	0.0299719574486749	2.92287083600000	0.640091462000000
'DatabaseImage0346.JPG'	0	0.00145866724437282	0.0640156137702311	0.444893145642259	0.489627309939634	4.05198901100000	0.736630166000000
'DatabaseImage0347.JPG'	0	0	7.27712515817744e-05	0.0693310425417194	0.930596185130586	4.60926617100000	0.484365482000000
'DatabaseImage0348.JPG'	2.59830866773831e-05	0.00329398306725469	0.0847586785138769	0.442669077829689	0.469252277502502	4.03656999800000	0.791882975000000
'DatabaseImage0349.JPG'	0	0	0	0.0497737922202551	0.950220847867057	4.47667087100000	0.402028428000000
'DatabaseImage0350.JPG'	0.000601994801781585	0.0116962525702216	0.0976427341969509	0.350245305980611	0.539813712450435	4.51210592000000	1.08803157700000
'DatabaseImage0351.JPG'	0	0.00120304644616243	0.0636456206426463	0.465241357730031	0.469906833081756	4.00504137400000	0.710804107000000
'DatabaseImage0352.JPG'	0.00155466605319018	0.0224433805354496	0.140678458432752	0.382873314658310	0.452450180320298	4.20014711500000	1.09484061100000
'DatabaseImage0353.JPG'	0	0	0	0.0327926333386844	0.967204801327275	4.55737705600000	0.405831847000000
'DatabaseImage0354.JPG'	0	0.000333279272058705	0.0249672269731155	0.313691623215879	0.661007124404818	4.41745028200000	0.748378024000000
'DatabaseImage0355.JPG'	0	0.00133159098361120	0.0543806499612073	0.402868836253061	0.541413007961735	4.17314935300000	0.765383789000000
'DatabaseImage0356.JPG'	0.788530189499613	0.210594303189964	0.000875450663811249	0	0	0.682842132000000	0.490130548000000
'DatabaseImage0357.JPG'	0	0	0	0.00211962558997984	0.997880373323969	4.73883983800000	0.346483459000000
'DatabaseImage0358.JPG'	0	0	0.00185772967565848	0.133893703187018	0.864246258514791	4.77285727500000	0.643772139000000
'DatabaseImage0359.JPG'	0	0	0.00251025505117116	0.189036726508785	0.808451125279895	4.50662042700000	0.590448203000000
'DatabaseImage0360.JPG'	6.42238782038546e-05	0.00425138489721403	0.0773483634722576	0.386775217599847	0.531560810152477	4.24619552000000	0.879922307000000
'DatabaseImage0361.JPG'	0.000926123173844763	0.0202326218807484	0.155621385754194	0.421424800989892	0.401795068201321	3.95430739200000	0.978740451000000
'DatabaseImage0362.JPG'	0.00399105442931887	0.0460884188415393	0.216381623413269	0.413022154644648	0.320516748671225	3.71826683100000	1.05407831600000
'DatabaseImage0363.JPG'	1.41587129049682e-05	0.00910724987169915	0.319027262555184	0.608618866659170	0.0632324622010416	3.22194202400000	0.586181164000000
'DatabaseImage0364.JPG'	0	0	0.00262122967313014	0.164491109365817	0.832884290279976	4.64438839200000	0.630294206000000
'DatabaseImage0365.JPG'	0	0	0.000175077495901619	0.114348336963075	0.885476582362842	4.46153846800000	0.474851832000000
'DatabaseImage0366.JPG'	0	0.000335073274032521	0.0411085509379799	0.467076004640104	0.491480118212016	4.02140482500000	0.648292754000000
'DatabaseImage0367.JPG'	0.0218123354007383	0.157936775424925	0.391498230530290	0.332232242089224	0.0965204165548224	2.84686845600000	0.965864470000000
'DatabaseImage0368.JPG'	0.000152197793789344	0.00936121278377355	0.136338868696754	0.470187483650598	0.383960237075086	3.85936745000000	0.833165396000000
'DatabaseImage0369.JPG'	0	0.00128263008199893	0.0574039251902355	0.424096002823906	0.517212711004886	4.11019183600000	0.745076063000000
'DatabaseImage0370.JPG'	0	0	0.000348900003164221	0.125395506641057	0.874255574523804	4.49255013200000	0.503630234000000
'DatabaseImage0371.JPG'	0	0	0.000811299760732920	0.170046052646794	0.829142557544341	4.42126562800000	0.515651370000000
'DatabaseImage0372.JPG'	0	3.07958899934199e-05	0.00914966632130835	0.262618202548235	0.728201325226930	4.43638396700000	0.654124849000000
'DatabaseImage0373.JPG'	4.41034353269138e-05	0.00505896115625634	0.112275023266556	0.482100792958579	0.400521119183282	3.88713746000000	0.780253297000000
'DatabaseImage0374.JPG'	0.0125748539155581	0.120482338178267	0.373034661236593	0.373233268311756	0.120674878357825	3.00047118500000	0.940872460000000
'DatabaseImage0375.JPG'	0.0662995505993758	0.185013638494490	0.301616046080946	0.287251747635928	0.159819017189260	2.90922061600000	1.36396186800000
'DatabaseImage0376.JPG'	0	0	0	0.00393861357044759	0.996061382687123	4.66393443100000	0.346404114000000
'DatabaseImage0377.JPG'	0	0	8.62076450977316e-05	0.0726433592611318	0.927270431544040	4.60781841900000	0.488539249000000
'DatabaseImage0378.JPG'	0.146840543884473	0.281228601791111	0.308461716346546	0.193763215861821	0.0697059221160483	2.16582599200000	1.33943032600000
'DatabaseImage0379.JPG'	0.000537393044325929	0.0127908897052120	0.114461648598616	0.385096675190927	0.487113393460919	4.24022697200000	1.01105461300000
'DatabaseImage0380.JPG'	0	0.00163667091392599	0.0684563412898697	0.453637486569462	0.476263301793663	4.02641754200000	0.736723516000000
'DatabaseImage0381.JPG'	0.00695018502629378	0.0717398254502844	0.279757068125029	0.412153149710621	0.229399771687771	3.39806094200000	1.01357022000000
'DatabaseImage0382.JPG'	0	0.000894361739996094	0.0536672397299725	0.442864530595485	0.502571818270142	4.06374772500000	0.709954701000000
'DatabaseImage0383.JPG'	0.00189555247920210	0.0527359846135239	0.330487871915630	0.466531761000198	0.148348829991446	3.23129989200000	0.819090164000000
'DatabaseImage0384.JPG'	0.00533959619364998	0.0451747508024597	0.187438218352923	0.381413060957077	0.380634373693891	3.99713159700000	1.18471661100000
'DatabaseImage0385.JPG'	0.0105364367824764	0.0642012898340570	0.209935039590831	0.368398030553372	0.346929203239264	3.90353092400000	1.26754111600000
'DatabaseImage0386.JPG'	0.00195223561886414	0.0484460148861087	0.300786149941002	0.467230905276053	0.181584694277972	3.31787509800000	0.849557443000000
'DatabaseImage0387.JPG'	0.0560656292943512	0.748582914583346	0.194369918903773	0.000981440847802724	0	1.65776848000000	0.503787745000000
'DatabaseImage0388.JPG'	0.000150085645129188	0.0260917907477235	0.394699386782106	0.519549403645510	0.0595093331795321	3.11256144400000	0.639965928000000
'DatabaseImage0389.JPG'	6.92950547015805e-05	0.0109783722200599	0.222374451755911	0.575894669787585	0.190683211181743	3.46262550500000	0.697262355000000
'DatabaseImage0390.JPG'	0.554911618024514	0.384003109592910	0.0590519427864014	0.00201800466033751	1.53249358365402e-05	0.755226167000000	0.815389760000000
'DatabaseImage0391.JPG'	0.370601218788003	0.348990619738724	0.198322288774497	0.0680111563069200	0.0140747163918568	0.881043120000000	1.40709749100000
'DatabaseImage0392.JPG'	0.0340052358850421	0.161289023089206	0.342178644520636	0.324705811976044	0.137821284529072	2.93485367100000	1.11486918800000
'DatabaseImage0393.JPG'	0	0	0	0.000340427369188158	0.999659572627970	4.75213669300000	0.306910531000000
'DatabaseImage0394.JPG'	0.0403979814053098	0.122455847303332	0.243863089706130	0.319050403225871	0.274232678359358	3.63968815100000	1.54282359600000
'DatabaseImage0395.JPG'	0	0	0.000658083136310693	0.111135108759273	0.888206623684332	4.68130230400000	0.572531425000000
'DatabaseImage0396.JPG'	0.0521857704225875	0.158026840069307	0.285339182660895	0.307215957471732	0.197232249375479	3.14287514800000	1.39071252800000
'DatabaseImage0397.JPG'	0.992906601091673	0.00709335768263131	0	0	0	0.305399549000000	0.374920430000000
'DatabaseImage0398.JPG'	0.268427584846736	0.478252431948551	0.224607353721534	0.0278052942797022	0.000907335203477290	1.43316518400000	0.866022450000000
'DatabaseImage0399.JPG'	0.261845482331457	0.370142654891573	0.260628915491344	0.0914124752765152	0.0159704720091107	1.49665892800000	1.19786270800000
'DatabaseImage0400.JPG'	0.0865646850142646	0.507128480936349	0.371801985626997	0.0341131530196548	0.000391695402734407	1.85064396800000	0.693662872000000
'DatabaseImage0401.JPG'	0.00461128199463153	0.111301876901506	0.475734414203091	0.360087399733998	0.0482650271667739	2.83911461600000	0.760038490000000
'DatabaseImage0402.JPG'	0	0	0	0	0.999997122705317	4.71752837600000	0.237146684000000
'DatabaseImage0403.JPG'	0.0336217271871773	0.132577109636736	0.285155928797815	0.334550433554525	0.214094800823746	3.26356403600000	1.28446008600000
'DatabaseImage0404.JPG'	0.0319924758855585	0.201477842533726	0.417625768932100	0.284923218164740	0.0639806944838750	2.65592052000000	0.948614477000000
'DatabaseImage0405.JPG'	0.00316002613890690	0.0853530813057214	0.431371921416169	0.407932851724141	0.0721821194150620	2.96666667200000	0.772427151000000
'DatabaseImage0406.JPG'	0.0234171559912108	0.0997316173750908	0.245076826325859	0.347489995609582	0.284284404698258	3.63493064000000	1.34849185500000
'DatabaseImage0407.JPG'	5.24633413669977e-05	0.00630236304368590	0.134707199602075	0.512292644161188	0.346645329851685	3.77375060200000	0.761081209000000
'DatabaseImage0408.JPG'	0.0468700186510629	0.149303375361946	0.281579451395806	0.314404767871336	0.207842386719849	3.21036504400000	1.38122632100000
'DatabaseImage0409.JPG'	1.49866518723266e-05	0.00180006843870564	0.0517927984542409	0.356981491030303	0.589410655424878	4.35090374900000	0.836536427000000
'DatabaseImage0410.JPG'	0.00942188787799931	0.103776279812960	0.359713722406855	0.392387039974554	0.134701069927631	3.07519927200000	0.930029021000000
'DatabaseImage0411.JPG'	0.0204645247299602	0.172859502057867	0.428474863077560	0.311672106397585	0.0665290037370280	2.74039826200000	0.903127079000000
'DatabaseImage0412.JPG'	0.107981433890149	0.319919378804897	0.371973256506885	0.169731557794797	0.0303943730032727	2.16117158800000	1.03397812400000
'DatabaseImage0413.JPG'	0.257330290722525	0.521967107631612	0.204905965913251	0.0155677307421500	0.000228904990461999	1.43064312000000	0.780322409000000
'DatabaseImage0414.JPG'	0.179681877150270	0.467504127650969	0.302295528035682	0.0485783874867609	0.00194007967631822	1.68682964400000	0.847511402000000
'DatabaseImage0415.JPG'	0.553301944311956	0.404539466114893	0.0415575419001533	0.000599831211068818	0	0.840432073000000	0.713827752000000
'DatabaseImage0416.JPG'	0.609050195682092	0.335203655819664	0.0532694264570904	0.00244433603350603	3.23860076470666e-05	0.519275467000000	0.897226126000000
'DatabaseImage0417.JPG'	0.263916010004905	0.513343270757120	0.205518185549916	0.0169352997414946	0.000287233946563474	1.42089182900000	0.795375049000000
'DatabaseImage0418.JPG'	0.895636733842882	0.104251180169078	0.000112084874950635	0	0	0.540890293000000	0.462024619000000
'DatabaseImage0419.JPG'	3.95811107841567e-05	0.00627826367470693	0.150476352211108	0.544971872976864	0.298233930026538	3.68099215200000	0.727434489000000
'DatabaseImage0420.JPG'	0	0	0	0.0180411354489175	0.981957794967103	4.69677863900000	0.417528481000000
'DatabaseImage0421.JPG'	0.0279861901171216	0.198879612394246	0.430969228761397	0.284781500027932	0.0573834686993034	2.65114810400000	0.917604409000000
'DatabaseImage0422.JPG'	0.000614398120871973	0.0167625138338926	0.148806413617402	0.429830649996552	0.403986024431281	3.94476893900000	0.943750712000000
'DatabaseImage0423.JPG'	0	0.000231329040303613	0.0239094171029321	0.335680394600242	0.640178555231394	4.32339217600000	0.707761858000000
'DatabaseImage0424.JPG'	0.340682875423190	0.548487847415615	0.108205753933419	0.00261577473971804	0	1.22683902400000	0.690173425000000
'DatabaseImage0425.JPG'	0.861922564117950	0.137654900511097	0.000422510447622753	0	0	0.535811369000000	0.503035207000000
'DatabaseImage0426.JPG'	0.198038932689353	0.291380109076662	0.276047361382375	0.168392084579481	0.0661415122721297	1.87720676600000	1.50717796900000
'DatabaseImage0427.JPG'	0.372765624370556	0.402464955340567	0.185324948430114	0.0363959709127591	0.00304850094600433	1.08995795200000	1.08327967500000
'DatabaseImage0428.JPG'	1.81540469665079e-05	0.00244831327546469	0.0693509289611402	0.412600111396887	0.515582492319542	4.14278832000000	0.800517395000000
'DatabaseImage0429.JPG'	0.000214265011372849	0.0130104523907233	0.172461369013858	0.499056311635977	0.315257601948069	3.69818218100000	0.810607423000000
'DatabaseImage0430.JPG'	0.299417259790261	0.510971752845762	0.176990179834819	0.0124432453861504	0.000177562143007899	1.33515861800000	0.791882988000000
'DatabaseImage0431.JPG'	0.0265101558692181	0.129690855332690	0.305812350003016	0.347575597464024	0.190411041331052	3.17540309500000	1.17056575100000
'DatabaseImage0432.JPG'	0.00242392227536025	0.0601694017224713	0.344416714697867	0.454615532132021	0.138374429172280	3.18921814000000	0.825604081000000
'DatabaseImage0433.JPG'	0.541529942283233	0.416064049632158	0.0418538096698492	0.000551247819029678	0	0.870365696000000	0.701327590000000
'DatabaseImage0434.JPG'	0.140876668890227	0.393273013603347	0.353748230711383	0.102527286796891	0.00957479999815103	1.90647675600000	0.939666266000000
'DatabaseImage0435.JPG'	0.543737770292699	0.394548956453459	0.0598069154856052	0.00189383011452463	1.25276537121684e-05	0.795182160000000	0.799131510000000
'DatabaseImage0436.JPG'	0.00322093273185050	0.0880590939900695	0.439968371289825	0.401719937686968	0.0670316643012864	2.94649011600000	0.767045669000000
'DatabaseImage0437.JPG'	0	0	0	0	0.999999999973548	4.88347819800000	0.190457318000000
'DatabaseImage0438.JPG'	0	0.00143900735507797	0.0593011651375322	0.421718165246768	0.517535636364089	4.11653100700000	0.754428665000000
'DatabaseImage0439.JPG'	0	0	0	0	0.999999999763961	4.89898329000000	0.201382679000000
'DatabaseImage0440.JPG'	0.0294014814604563	0.351234379423289	0.521132628838620	0.0960335436910599	0.00219796658657436	2.18915518400000	0.692400934000000
'DatabaseImage0441.JPG'	0.188844063196317	0.501966647140685	0.276780144693785	0.0316580052847823	0.000751139684431284	1.62152599300000	0.797345177000000
'DatabaseImage0442.JPG'	0.333296668190095	0.629437562393061	0.0371969800710299	6.87853654966396e-05	0	1.18352240000000	0.537262389000000
'DatabaseImage0443.JPG'	0	0	0.00168317621721409	0.244296616891694	0.754019960275463	4.29268600800000	0.509603195000000
'DatabaseImage0444.JPG'	0.270801646898944	0.499401510656504	0.209400646798579	0.0199634594703703	0.000432736175602913	1.41319880000000	0.821666115000000
'DatabaseImage0445.JPG'	0.00385883624760147	0.0383442017378728	0.178128732509993	0.386864767577233	0.392803461927300	4.02003617600000	1.14682632500000
'DatabaseImage0446.JPG'	2.37321364323306e-05	0.00393330492632792	0.108743213071389	0.501499462064703	0.385800287801148	3.85354666400000	0.747248103000000
'DatabaseImage0447.JPG'	0.0719021301032186	0.227995839367885	0.349253131310959	0.258453201980655	0.0923956972372823	2.58617066300000	1.17237894000000
'DatabaseImage0448.JPG'	0.149000350682995	0.668268488818934	0.179825092974694	0.00290325526144627	0	1.53341737600000	0.596184462000000
'DatabaseImage0449.JPG'	0.607273501804060	0.368320853860718	0.0242325671722681	0.000172943275749157	0	0.774888533000000	0.670969881000000
'DatabaseImage0450.JPG'	0.000259062806961125	0.0167989566246156	0.212090684608342	0.521342250702615	0.249509045257466	3.54964884000000	0.781750118000000
'DatabaseImage0451.JPG'	0.0733988883628234	0.280005493458249	0.396820093487398	0.208915562268490	0.0408599624230388	2.35211513800000	1.00492279300000
'DatabaseImage0452.JPG'	0.0258417999735405	0.128350140382584	0.305665204527020	0.349037208840760	0.191105646276096	3.18051818100000	1.16639173700000
'DatabaseImage0453.JPG'	0.628804934967531	0.359801471745636	0.0113737287868935	1.98625836476479e-05	0	0.807226171000000	0.587627898000000
'DatabaseImage0454.JPG'	0.00361431124290978	0.0570874922190413	0.283094837747925	0.440756273529722	0.215447085260403	3.38214513200000	0.929082868000000
'DatabaseImage0455.JPG'	0.385253336349413	0.494002407459675	0.115749634294600	0.00495584933713804	3.87725591739867e-05	1.14627988800000	0.767021364000000
'DatabaseImage0456.JPG'	0.337536778674886	0.407597781813665	0.206819097886959	0.0440958363510235	0.00395050527346650	1.21752835200000	1.07393932100000
'DatabaseImage0457.JPG'	0.0394734258308134	0.127738641198285	0.257407153118975	0.322997958652410	0.252382821199516	3.47919294200000	1.45296379200000
'DatabaseImage0458.JPG'	0.000605596137200206	0.0148596618354591	0.129938313511278	0.404918850065151	0.449677578450912	4.10161457200000	0.984477694000000
'DatabaseImage0459.JPG'	0	0.000322842143390135	0.0302391218137981	0.371381126012668	0.598056458087866	4.23451855300000	0.701579760000000
'DatabaseImage0460.JPG'	0.318877266236844	0.412212953726753	0.217755560232078	0.0470074195991162	0.00414680020520804	1.28688523200000	1.05709145700000
'DatabaseImage0461.JPG'	0.327469803454651	0.367581770758119	0.221219365771362	0.0713803693927674	0.0123486906231005	1.18537199300000	1.26659326800000
'DatabaseImage0462.JPG'	0	0	0	5.56643828494442e-05	0.999944335617113	4.86552791500000	0.297244355000000
'DatabaseImage0463.JPG'	0.0538884410996041	0.514067597345900	0.405460275046373	0.0264411208634010	0.000142565644721781	1.90479193600000	0.633371971000000
'DatabaseImage0464.JPG'	0.198542380377699	0.399067354665729	0.304495120924006	0.0881973694610613	0.00969777457150474	1.72075741100000	1.01607822600000
'DatabaseImage0465.JPG'	0.00111961888874106	0.0259308674681913	0.191064589301862	0.447877964270147	0.334006960071059	3.74385130300000	0.934429186000000
'DatabaseImage0466.JPG'	0.133570378977417	0.576231352282005	0.275512794411576	0.0145997298766367	8.57444523651455e-05	1.66456497600000	0.674237272000000
'DatabaseImage0467.JPG'	0.0168282999533276	0.107732414334684	0.302403402485646	0.372186902759131	0.200848980467211	3.25183750000000	1.10131281700000
'DatabaseImage0468.JPG'	0.0265735473190192	0.127186681045933	0.299732567299533	0.347797479024797	0.198709725310718	3.20992049900000	1.18803311600000
'DatabaseImage0469.JPG'	0	0	0.000425535652437142	0.103666048629081	0.895908353750971	4.64591691900000	0.547264327000000
'DatabaseImage0470.JPG'	0.245191445361808	0.396689890413021	0.270722015819874	0.0779332237063928	0.00946342469890467	1.55737705600000	1.07634093300000
'DatabaseImage0471.JPG'	0	0	0.000411202691774100	0.110984169515861	0.888604582596917	4.59135528200000	0.533169052000000
'DatabaseImage0472.JPG'	0.00368472914459107	0.0730089735294524	0.358058855690255	0.434650416428595	0.130597025207107	3.13883034700000	0.846282278000000
'DatabaseImage0473.JPG'	0.00246632609463187	0.0426503689350477	0.241034461399120	0.445163490715032	0.268685352856168	3.54855188800000	0.945585871000000
'DatabaseImage0474.JPG'	0	0.000169533658111614	0.0353112044239960	0.495652261690382	0.468866945373638	3.97940273200000	0.608893057000000
'DatabaseImage0475.JPG'	0.000624157671673742	0.0155479713918477	0.135314350314578	0.411438269248572	0.437075251373328	4.05747974000000	0.975151807000000
'DatabaseImage0476.JPG'	0.168390024505124	0.475255728729054	0.308645607225356	0.0461226847695686	0.00158595477089757	1.70620020800000	0.825002342000000
'DatabaseImage0477.JPG'	0.0125221463644061	0.0892564029319663	0.279680286723399	0.385253153562764	0.233288010417465	3.38965953700000	1.10305123200000
'DatabaseImage0478.JPG'	0.0340214562250632	0.191854652897252	0.395162430609894	0.297278043655164	0.0816834166126280	2.71740224800000	0.996425334000000
'DatabaseImage0479.JPG'	0.466417398131955	0.433842178359266	0.0948132821080034	0.00486840800203590	5.87333987401251e-05	0.950012736000000	0.830921620000000
'DatabaseImage0480.JPG'	0.902105913893185	0.0977049222359646	0.000189157324820718	0	0	0.447667072000000	0.498485153000000
'DatabaseImage0481.JPG'	0.366689246991597	0.480308075431312	0.143146091507757	0.00970682036179257	0.000149765707541509	1.18231512000000	0.821863070000000
'DatabaseImage0482.JPG'	0	0	0.000147157218700365	0.0967835996397449	0.903069239967163	4.52481943400000	0.484762832000000
'DatabaseImage0483.JPG'	0.0888671210624960	0.249462950168025	0.345611587476381	0.236313119599555	0.0797452216935427	2.46165708000000	1.19000151700000
'DatabaseImage0484.JPG'	0.0140198510544200	0.0781882750068235	0.232139375082306	0.366914552731541	0.308737946124909	3.72616005600000	1.25945463700000
'DatabaseImage0485.JPG'	0.00146549542651819	0.0444804918606983	0.306255043315478	0.478327634622646	0.169471334774659	3.30055999600000	0.821027519000000
'DatabaseImage0486.JPG'	0.000435259056375559	0.0189797829418407	0.197618124774135	0.491308653684730	0.291658179542919	3.63588845800000	0.835591874000000
'DatabaseImage0487.JPG'	0.449885553727451	0.427374758460294	0.114017371510375	0.00854256942826176	0.000179746873618825	0.959580464000000	0.887364013000000
'DatabaseImage0488.JPG'	0.146725414814590	0.586216521362097	0.254929161621127	0.0120667339421873	6.21682599986131e-05	1.62454129600000	0.671484346000000
'DatabaseImage0489.JPG'	0.0462995042719768	0.185871086617737	0.346641389225170	0.300318493750171	0.120869526134946	2.81289931200000	1.14206707800000
'DatabaseImage0490.JPG'	2.95555613233999e-05	0.00256159870198472	0.0588713483812472	0.358771451170878	0.579766046184567	4.36156547300000	0.867961401000000
'DatabaseImage0491.JPG'	0.000479632118314525	0.0232319258801298	0.236973691506865	0.509041299753554	0.230273450741137	3.49079444000000	0.801195209000000
'DatabaseImage0492.JPG'	0	0.00431064785511295	0.257283702191267	0.664227683473937	0.0741748425030208	3.30199065600000	0.564274646000000
'DatabaseImage0493.JPG'	0	0.000999873504377213	0.0617135914658674	0.476637781307819	0.460646726593896	3.98358075200000	0.693645745000000
'DatabaseImage0494.JPG'	0.0964936753241422	0.454445477867343	0.387544086553797	0.0598434790113069	0.00167328124341114	1.90680958400000	0.764976651000000
'DatabaseImage0495.JPG'	0.0230524065065351	0.165765962139892	0.399846100665200	0.323525702196118	0.0878098284922545	2.80609686400000	0.956815596000000
'DatabaseImage0496.JPG'	0.000539192859780197	0.0159637735231077	0.148592580201426	0.434839342925547	0.400065110490138	3.92796815600000	0.929632332000000
'DatabaseImage0497.JPG'	0.242123891521646	0.362666171249763	0.272726105605220	0.102966662589056	0.0195171690343155	1.58636442900000	1.20468989100000
'DatabaseImage0498.JPG'	5.94298604777474e-05	0.00452118372238557	0.0862827993056705	0.413067403348188	0.496069183763279	4.13240856700000	0.850370911000000
'DatabaseImage0499.JPG'	0.0221997024703710	0.199121671602537	0.460911735061942	0.275324502034366	0.0424423888307847	2.61960989100000	0.859217305000000
'DatabaseImage0500.JPG'	0	0.000344556657649857	0.152307414935487	0.797823720124604	0.0495242990453696	3.37335587200000	0.474824443000000
'DatabaseImage0501.JPG'	0.000185285466056144	0.00887872551350173	0.117807483784994	0.432820781406545	0.440307723828903	4.01335551800000	0.882463772000000
'DatabaseImage0502.JPG'	0.00268320511681684	0.0450430370611392	0.247309887363083	0.444114871426480	0.260848999032481	3.52384590400000	0.945932560000000
'DatabaseImage0503.JPG'	4.68046889202387e-05	0.0107957592804819	0.251960791526957	0.595016046919305	0.142180597584336	3.37511478000000	0.660702454000000
'DatabaseImage0504.JPG'	0.525022616627755	0.427087817125376	0.0471803263337782	0.000707797923206683	0	0.896596352000000	0.707715506000000
'DatabaseImage0505.JPG'	0.957029719277289	0.0429519790093776	1.83016392966389e-05	0	0	0.333543488000000	0.463385480000000
'DatabaseImage0506.JPG'	0.204107102271257	0.541836594128852	0.236814173540386	0.0170402591034815	0.000201870956023651	1.54119462400000	0.744527481000000
'DatabaseImage0507.JPG'	0.208958805029894	0.453436181237790	0.283740186487308	0.0512005601637797	0.00266426708122841	1.62300710400000	0.896757138000000
'DatabaseImage0508.JPG'	0.0376113079416938	0.284443758442276	0.480869771318078	0.181723729920785	0.0153514323771667	2.35046823000000	0.816995138000000
'DatabaseImage0509.JPG'	0.000993461704975438	0.0201077282814287	0.149944457868383	0.411958399555355	0.416995952589858	4.01217236200000	1.00074919900000
'DatabaseImage0510.JPG'	0.436601821439382	0.444521894944957	0.111819909637345	0.00694965879981556	0.000106715178500833	1.01285877800000	0.845732154000000
'DatabaseImage0511.JPG'	0.148122185436214	0.424095818448878	0.343766863763872	0.0788896766700605	0.00512545568097541	1.83359000000000	0.890193663000000
'DatabaseImage0512.JPG'	0.870355437899714	0.128948561294610	0.000695864025421830	0	0	0.423555369000000	0.549440060000000
'DatabaseImage0513.JPG'	0.154030184434148	0.310391370088301	0.320363667180056	0.169358379983363	0.0458563983141320	2.04726437600000	1.22255000400000
'DatabaseImage0514.JPG'	0.129497334760929	0.358224256960930	0.361426343849721	0.133001111982824	0.0178509524455970	2.00882318500000	0.995727615000000
'DatabaseImage0515.JPG'	0.00134513802166725	0.371757525283223	0.620637989171860	0.00625896623578396	0	2.10030968000000	0.442406896000000
'DatabaseImage0516.JPG'	0.100482607793155	0.305418165681707	0.373646387237562	0.183987647526450	0.0364651917611259	2.22155236400000	1.04824496500000
'DatabaseImage0517.JPG'	0.0379527605206235	0.257621287361389	0.460606003322446	0.216913665801995	0.0269062829935468	2.43554016800000	0.865777829000000
'DatabaseImage0518.JPG'	1.70103297885697e-05	0.00775343836962345	0.257662767552965	0.624287613138491	0.110279170609133	3.33795712800000	0.617972422000000
'DatabaseImage0519.JPG'	0	0.000165650672444323	0.0322955558059072	0.466924032455684	0.500614698057695	4.02678008000000	0.619986897000000
'DatabaseImage0520.JPG'	0	0.00349224227867458	0.183974406573623	0.654958726912600	0.157570144474579	3.47125120600000	0.609204011000000
'DatabaseImage0521.JPG'	0.000106172310949372	0.00702664844679813	0.113538124546676	0.447911013906368	0.431418040789209	3.97339166600000	0.842160004000000
'DatabaseImage0522.JPG'	5.37988857544285e-05	0.00439856073125377	0.0872122070173454	0.419346800607346	0.488988632758301	4.10844891100000	0.840154319000000
'DatabaseImage0523.JPG'	0.00199846821174237	0.0662874616993838	0.400870322770702	0.441992392400420	0.0888513549177526	3.05737701600000	0.766518161000000
'DatabaseImage0524.JPG'	0.00704990644501472	0.142761934864903	0.504833670746757	0.311738913450009	0.0336155744933162	2.72376411300000	0.756986536000000
'DatabaseImage0525.JPG'	0.00105531043373866	0.0215718291994938	0.158619661716834	0.419556420018940	0.399196778630994	3.95134784300000	0.988969106000000
'DatabaseImage0526.JPG'	0.000246238925303263	0.0117315413309727	0.144672870430743	0.461798775483767	0.381550573829214	3.85876419200000	0.860172503000000
'DatabaseImage0527.JPG'	0.0227092623064736	0.154309613821055	0.378915356936062	0.336241020105390	0.107824746831019	2.88260920700000	0.991199352000000
'DatabaseImage0528.JPG'	0.210756265787988	0.364816422811175	0.294338539990250	0.110687543007495	0.0194012284030927	1.71878942400000	1.14455468000000
'DatabaseImage0529.JPG'	0.691653482430509	0.307110614242306	0.00123585825483317	0	0	0.827391127000000	0.461090755000000
'DatabaseImage0530.JPG'	0.267012448164377	0.484369757620390	0.222115638904175	0.0257476658162942	0.000754489494764287	1.43306550400000	0.852739693000000
'DatabaseImage0531.JPG'	0.000185769388662134	0.00879824835440551	0.116410064617502	0.430285877213463	0.444320040425968	4.02516813200000	0.885533099000000
'DatabaseImage0532.JPG'	0.0563632522187210	0.266912785529217	0.419668694918132	0.219082472921840	0.0379727944120901	2.41044771200000	0.952354628000000
'DatabaseImage0533.JPG'	0.00111981511529994	0.0738082461213570	0.514975768879521	0.380357560233505	0.0297386096503168	2.86506932000000	0.667310936000000
'DatabaseImage0534.JPG'	0.000947466306426011	0.0687009234204806	0.510711812033517	0.389227716910830	0.0304120813287468	2.88073809500000	0.662602837000000
'DatabaseImage0535.JPG'	0.996840256559330	0.00315974151925351	0	0	0	0.327700752000000	0.341816166000000
'DatabaseImage0536.JPG'	0.312053151771085	0.393618998981719	0.227131660243774	0.0599561092147607	0.00724007978866198	1.29691950400000	1.13078228300000
'DatabaseImage0537.JPG'	0.635201259402664	0.351704072824221	0.0130621221236954	3.25402119442048e-05	0	0.781210624000000	0.608364154000000
'DatabaseImage0538.JPG'	0.0724730359042321	0.249156255724155	0.371315842131456	0.239878598767071	0.0671762674730865	2.47730135200000	1.09376668500000
'DatabaseImage0539.JPG'	0.500484808931682	0.421516404899536	0.0751409809711414	0.00283516302950202	2.26421681389105e-05	0.889411760000000	0.802501527000000
'DatabaseImage0540.JPG'	0.231945862867903	0.421049498490005	0.276049313340054	0.0653652882869383	0.00559003701509930	1.58546375300000	0.990916635000000
'DatabaseImage0541.JPG'	0.00166368431534428	0.0539593938037717	0.353227767233270	0.466696178330183	0.124452976317432	3.17406899600000	0.790491382000000
'DatabaseImage0542.JPG'	0.124718861135789	0.583565499010905	0.278144472430146	0.0135043788528863	6.67885702742295e-05	1.67557787200000	0.661669981000000
'DatabaseImage0543.JPG'	0	2.01612510468539e-05	0.0103985754108228	0.332204908850750	0.657376352066145	4.24536597800000	0.599589949000000
'DatabaseImage0544.JPG'	0.00692541170518159	0.0733152625455905	0.286493253025361	0.413243099545109	0.220022973178758	3.36756152600000	1.00169172000000
'DatabaseImage0545.JPG'	0	0	0.000722594692416482	0.168998678911672	0.830278661493763	4.41208917300000	0.508793714000000
'DatabaseImage0546.JPG'	0.0434086128008910	0.212611120591239	0.394104751671453	0.276473169514165	0.0734023454222522	2.63515549600000	1.01448112400000
'DatabaseImage0547.JPG'	0.129320256764681	0.395750920871790	0.364986410370917	0.101445045118869	0.00849736687374277	1.93252985600000	0.913092384000000
'DatabaseImage0548.JPG'	0.0349486573481010	0.133322470737285	0.282432537229247	0.332249715737610	0.217046618947758	3.27616644800000	1.30385543200000
'DatabaseImage0549.JPG'	0.0103631647046337	0.117305396910559	0.388616881216452	0.376793504036692	0.106921053131663	2.97485437800000	0.902142875000000
'DatabaseImage0550.JPG'	0.00354700347204246	0.0627699335195812	0.313790170114794	0.443123325516299	0.176769567377283	3.27301388800000	0.889416206000000
'DatabaseImage0551.JPG'	0.0381611868226034	0.196210364662761	0.387180551991410	0.293222061067034	0.0852258354561914	2.70975130900000	1.02186439400000
'DatabaseImage0552.JPG'	4.25341319401210e-05	0.00448085741527356	0.0988072137023845	0.456058083983690	0.440611310766711	3.97796730800000	0.799640144000000
'DatabaseImage0553.JPG'	0.0130925454292975	0.145500165678362	0.430652803827734	0.339480992559522	0.0712734925050835	2.82019456700000	0.869397853000000
'DatabaseImage0554.JPG'	0.0155533712958242	0.105676981678432	0.305599616950111	0.376133274380907	0.197036755694726	3.24310773900000	1.08196916600000
'DatabaseImage0555.JPG'	6.88777938827174e-05	0.00889168849558190	0.177712354420239	0.549894494709745	0.263432584580551	3.60550349200000	0.732156024000000
'DatabaseImage0556.JPG'	0.000149778894714002	0.00997768091513095	0.147746728872594	0.486312475718219	0.355813335599342	3.79222918900000	0.815465134000000
'DatabaseImage0557.JPG'	0.374004490076195	0.599668594204318	0.0262953805241487	3.15341611089799e-05	0	1.13117452800000	0.527112665000000
'DatabaseImage0558.JPG'	0.00114439084706013	0.0209931137557692	0.148433370013580	0.404518549702865	0.424910575680726	4.05158607100000	1.02415789600000
'DatabaseImage0559.JPG'	0.00196859430412654	0.0393715589801283	0.241554380586911	0.454624820410985	0.262480645717850	3.53515470000000	0.919922701000000
'DatabaseImage0560.JPG'	0.00460940284620737	0.0834034259473677	0.375272481655317	0.419887699201355	0.116826990349752	3.08072193600000	0.847692632000000
'DatabaseImage0561.JPG'	0	0	0.00711652677962213	0.362405206184222	0.630473492867415	4.16398224200000	0.544199255000000
'DatabaseImage0562.JPG'	0.00939113818544449	0.0843471339446188	0.294619659399124	0.400214122641014	0.211427945829799	3.32433796000000	1.02899941900000
'DatabaseImage0563.JPG'	0.981973976115076	0.0180246471213050	0	0	0	0.270727514000000	0.427103412000000
'DatabaseImage0564.JPG'	0.433003340728232	0.442234593001677	0.116671079075164	0.00795101836339798	0.000139968831528923	1.01558467200000	0.859525052000000
'DatabaseImage0565.JPG'	0.00664395781056173	0.208354217168835	0.612154869481084	0.168501552261086	0.00434540327843383	2.45517022400000	0.649873415000000
'DatabaseImage0566.JPG'	0	0.00326667670389308	0.215681635192517	0.679086488921971	0.101962839768153	3.37690206800000	0.573248527000000
'DatabaseImage0567.JPG'	0	0	0.00680910155359306	0.326964965940718	0.666219915233359	4.22525505500000	0.562559434000000
'DatabaseImage0568.JPG'	0.00662774156090300	0.0899248437815268	0.355650565348659	0.410012407759355	0.137784441549556	3.11538461200000	0.900668579000000
'DatabaseImage0569.JPG'	0.00160847661874347	0.0241497181432666	0.151141586693514	0.394303366128626	0.428796852415850	4.09583860400000	1.06902002700000
'DatabaseImage0570.JPG'	0.0160102672833034	0.181055755997752	0.474406489198187	0.288013892438706	0.0405135950820513	2.65872216000000	0.826950448000000
'DatabaseImage0571.JPG'	0	2.61649892188560e-05	0.0103951123691956	0.308129636580945	0.681449081146953	4.30580075400000	0.620712982000000
'DatabaseImage0572.JPG'	0.000557510442317444	0.0189041269623936	0.177960001837979	0.465104278602842	0.337474082154468	3.74968474900000	0.883374392000000
'DatabaseImage0573.JPG'	0	1.63420471939809e-05	0.00743778269869907	0.263759483381090	0.728786389075344	4.39823452700000	0.625963916000000
'DatabaseImage0574.JPG'	0	5.82863780724217e-05	0.0159281512784456	0.352462215444533	0.631551329627942	4.23203025700000	0.630739785000000
'DatabaseImage0575.JPG'	0.0167820101826222	0.0943756047609323	0.264294853028996	0.368579226466154	0.255968305561296	3.47704240800000	1.19763279500000
'DatabaseImage0576.JPG'	0.000536396134663775	0.0177297042997433	0.168090841913845	0.457102208648015	0.356540849003734	3.80105210400000	0.894835093000000
'DatabaseImage0577.JPG'	0.000112462243595085	0.00465750094943143	0.0671804635300091	0.337502407546582	0.590547165730382	4.53045397700000	0.973717083000000
'DatabaseImage0578.JPG'	0.000680009610033992	0.0169815232902886	0.144682598350579	0.420565858647721	0.417090010101377	3.99228253400000	0.964325195000000
'DatabaseImage0579.JPG'	0	0	0.00345443879539415	0.252401266994604	0.744142386450455	4.33681072700000	0.558132715000000
'DatabaseImage0580.JPG'	0	0	0	0.00110190139100097	0.998898098527758	4.70835574200000	0.322525764000000
'DatabaseImage0581.JPG'	6.87091735608299e-05	0.00555837388344023	0.103744738984146	0.446755289684260	0.443872888274593	3.99558640400000	0.825755581000000
'DatabaseImage0582.JPG'	0.000409554560678150	0.0116744695313577	0.115588625310668	0.397507744660410	0.474819605936886	4.16806418700000	0.972453358000000
'DatabaseImage0583.JPG'	0	0	0	0.00453836994471579	0.995461612903127	4.75974611700000	0.375417172000000
'DatabaseImage0584.JPG'	0.000850046921445255	0.0165316118672146	0.127256856351063	0.387740235527973	0.467621249332304	4.20211700000000	1.03873749500000
'DatabaseImage0585.JPG'	0.620384803425065	0.337302317996725	0.0411772413529142	0.00112869062461096	0	0.592055552000000	0.818207446000000
'DatabaseImage0586.JPG'	0.0691030503564888	0.350688227759657	0.436731391325533	0.133467917486647	0.0100094130716740	2.15618492000000	0.843685723000000